20
75
118
-1
-1
140
-1
-1
-1
-1
-1
-1
-1
-1
-1
-1
-1
-1
-1
-1
-1
71
-1
-1
-1
-1
-1
-1
-1
-1
-1
-1
-1
-1
-1
-1
-1
-1
-1
111
-1
-1
-1
-1
-1
-1
-1
-1
-1
-1
-1
-1
-1
-1
-1
-1
151
-1
-1
-1
-1
-1
-1
-1
-1
-1
-1
-1
-1
-1
-1
-1
70
-1
-1
-1
-1
-1
-1
-1
-1
-1
-1
-1
-1
-1
-1
-1
-1
80
99
-1
-1
-1
-1
-1
-1
-1
-1
-1
75
-1
-1
-1
-1
-1
-1
-1
-1
-1
-1
-1
-1
120
-1
-1
-1
-1
-1
-1
-1
-1
-1
-1
-1
146
-1
138
-1
-1
-1
-1
-1
-1
-1
-1
-1
97
-1
-1
-1
-1
-1
-1
-1
-1
-1
-1
211
-1
-1
-1
-1
-1
-1
-1
101
-1
-1
-1
-1
-1
-1
90
-1
-1
-1
-1
-1
-1
85
-1
-1
-1
-1
-1
98
-1
142
-1
-1
86
-1
-1
-1
-1
-1
-1
92
-1
87
